195
6937 19
30294 64718 22277 51943 75323 26185 43193 89494 81515 94334 4989 50324 54693 57868 36109 32904 4770 88985 13706
3340 14
49233 54205 19769 93556 4982 43193 23414 28715 1441 75988 68679 6008 92770 73436
5483 12
88055 84490 39112 16808 75782 24927 14116 89089 3437 50423 7521 7431
5183 16
31929 32713 47081 83777 14459 30091 69906 62891 34776 86009 98759 70553 90613 48874 41431 85820
5222 15
47182 46 2535 32000 78614 27899 8469 76192 92011 7756 27549 52588 40065 76032 1006
1470 20
37050 47086 22656 27984 79184 70688 37092 40419 32082 21142 12603 71696 95812 17095 84296 63360 87022 37266 90821 50744
7571 12
71854 47723 53591 82683 44699 6488 9995 55075 29784 26670 28843 16557
6559 19
90178 64402 32264 35949 95375 91115 73654 38744 18888 23584 51373 15538 75171 31528 72742 21205 83380 83907 67053
4963 10
42576 36199 2967 40578 25447 38822 24649 77591 12532 14256
8633 18
27005 36879 97198 70210 38257 51837 87231 8607 4869 29132 73881 46556 74826 82602 58221 77382 83794 67649
3568 13
45929 23189 16384 14869 20226 42296 19620 37212 34570 74644 4986 79461 3072
4297 16
34910 92709 80223 25167 33975 84405 46105 22579 80593 59458 14748 292 90680 65060 54831 19001
4032 16
57106 86966 79169 92796 27676 29824 70476 10793 33620 24976 7166 46235 55357 36842 12947 42278
3883 14
12330 97244 34990 8913 2196 83108 29618 17740 23394 21436 17745 59740 1051 81548
6732 20
34109 45938 53043 53181 50289 57153 31923 54031 10987 41297 84320 289 82303 84845 77516 62074 59697 33832 2596 15417
2074 18
60514 37314 21904 99671 92494 54544 6642 54112 83263 17453 82710 88220 70902 45286 46404 79689 68344 56269
8283 12
92610 82744 82315 93602 28374 72092 44960 52246 75945 22817 61262 2491
4431 20
67938 77741 37301 17724 62132 33209 47774 29104 44558 68370 264 480 1864 88984 46348 51615 79114 46741 90615 38835
6309 13
28562 16523 79583 69060 8959 97951 26816 14449 87370 87786 60620 5898 31263
6934 11
55793 33647 28825 57812 18513 79353 89591 31193 38644 36834 21296
8176 16
15591 97303 89282 6372 4816 93781 95507 4431 73030 60398 3516 8020 85083 31037 78067 90587
7046 10
18368 77688 60328 20501 38354 82894 2933 8490 79533 56455
1403 10
41228 93731 38606 34352 97929 80734 90270 20014 60474 50751
5250 13
79505 14856 92382 34019 37618 16578 65864 52455 67446 30297 68835 21653 69331
6299 15
27800 37051 58167 95869 97750 6351 83619 22903 94768 78776 54026 89682 66243 88521 34868
9298 10
14697 7718 38402 52920 16035 34846 45746 17816 39949 23008
443 20
99462 26631 89878 30060 43003 18738 78426 38217 63319 19921 35593 46868 59274 73880 26656 99914 95899 2357 25237 77963
8673 15
48474 47505 84584 56840 72497 87774 5214 45921 51214 27304 23993 75287 49544 35308 72136
4724 15
92416 61902 45134 96167 40183 42521 21768 5620 40728 734 21305 51190 97654 10335 8915
2898 10
42324 81581 75554 6160 83488 52877 70955 51883 80241 40361
1970 14
98655 96798 14650 48148 86914 12876 81687 48005 94664 3373 23935 55220 7546 45821
8079 14
88949 75264 13417 98468 20888 27863 56843 31594 37406 40678 73541 82166 13740 2269
1555 16
85191 70836 99402 88974 3282 11201 91945 40180 50600 88738 79071 26234 35301 54114 26899 81299
8404 13
84778 42774 29395 17550 18611 75002 16855 39797 68416 61638 25630 41246 10110
2386 15
1232 94821 24139 30233 56863 46326 45737 84968 29380 41132 7612 21756 44207 80425 86536
9146 19
69736 97294 79254 83658 58885 27381 18026 58568 81132 47297 66143 78912 81158 79233 97618 36808 82886 99295 42359
3156 11
61098 27198 2478 60488 1061 19871 70968 67042 45897 42293 56156
8252 15
41616 23611 80656 28047 10723 73709 44576 41258 50165 98966 73146 5487 84270 1975 38063
3556 15
8238 15748 73651 28989 14344 51330 4593 61102 45617 86607 94422 38013 64713 65665 8335
1568 11
26167 87610 31296 93898 50747 92948 31042 67259 11293 25403 31352
201 18
83752 46319 82467 28871 49316 52034 5746 56812 59363 72477 5240 70657 17013 8637 40806 94087 69273 48671
1491 17
45240 93113 92940 63248 21716 23223 34920 77140 25008 57221 25965 16242 33416 28879 88126 55968 30165
9139 14
4722 21926 57130 38511 59303 90454 44760 17981 18896 24590 36630 38890 53992 57220
3613 13
66584 33438 62543 10197 31459 57548 79229 73468 8566 85163 5298 94481 35280
3444 11
75318 6349 65594 75600 85486 74881 70663 62816 40430 39726 48167
7052 13
42042 34196 47298 52742 36552 11804 65769 20945 17935 67280 99556 1629 56128
7101 12
72551 22522 19632 43652 92243 28878 28823 80304 45665 43815 90752 65236
1955 17
67143 71229 19617 1634 46769 81635 99304 95928 91509 21821 54818 77142 42055 66622 36898 98446 7302
8505 15
43271 12249 53839 14333 53971 54051 6719 25401 17734 25169 20552 5862 51814 74517 7306
171 13
15601 68010 81522 75224 95827 20294 9743 17409 34003 40712 3069 92238 5547
5999 17
22662 17457 96007 67483 96285 94117 81956 92650 5458 46553 37356 37071 13772 80494 46439 95825 12030
4151 12
83633 50891 13133 46586 31915 62136 40496 36541 10508 44840 50496 84897
4166 18
35441 58931 80234 21704 29937 13415 56986 5893 75523 63147 19844 48471 14052 22224 31572 7065 99404 48886
601 15
13463 68141 80483 73003 43912 96069 20825 65409 85294 72666 41578 17989 28287 83179 31628
5300 14
37438 37440 90543 18348 71298 90880 18411 82737 41018 90842 58794 33692 45810 82077
7772 20
3767 25588 62817 36423 99786 92133 10795 72443 43935 47605 7957 42084 40976 49254 85049 96175 41539 62883 16121 7112
9800 17
50480 57561 98751 34907 85988 21592 27257 78681 25699 2467 71808 28830 44709 5534 50554 41079 98047
8243 20
26920 28074 15842 95943 16004 9925 71517 87879 96717 8235 16584 42841 92257 30039 83567 64710 85299 2478 83687 13921
8870 20
74429 82939 43448 5836 32438 75415 72941 19252 39105 18455 98228 70486 28626 88628 19047 66447 93351 44708 29904 72340
6031 12
88836 45233 65828 94831 70086 23080 64959 38927 62289 4615 55882 71046
3139 16
39472 40182 73754 82406 19764 18287 7894 56045 28427 58970 33411 50831 8874 13609 60413 12691
619 10
23281 98580 18674 47636 75670 64405 70781 28444 89929 17801
6459 19
13143 26827 63141 73377 3001 6464 4622 96616 42700 70163 64688 46925 72853 12862 6296 91507 55650 13795 74203
2096 19
26285 18402 29369 95493 13297 44803 26327 89918 25149 86942 3811 81800 50722 60018 31486 72002 3713 67664 82110
1785 16
70616 95514 78088 40385 18985 16959 20446 73147 54173 32249 77210 69032 34930 43781 25582 58595
7384 18
29800 465 57272 8280 25130 22166 91304 33150 71482 4844 8094 34586 1385 25835 99872 40195 10565 44000
5456 16
88984 94910 86995 95504 64936 68037 26600 45152 10607 44148 24002 51447 52938 78249 48768 55294
8174 15
20920 35643 6056 3165 59881 91734 27316 48513 23403 55820 30504 13369 69932 41833 58193
2985 17
36017 6005 44771 1127 53431 31234 73208 99720 36814 96201 6688 78690 10753 14563 83469 80047 28527
4293 14
58343 7453 89159 88693 58432 60416 56354 12100 58455 73627 55957 18543 34514 18974
3970 14
78382 97759 1559 20320 61427 1692 70445 40466 55457 79430 45472 38153 8792 15253
1843 19
32683 29038 88592 74510 98444 50222 14525 90368 41848 8251 54042 14111 95957 88823 59624 83346 55582 92495 7639
9450 12
36649 90103 90934 17924 1333 17844 35172 73207 39838 44003 20463 87578
7259 12
25033 650 70006 67040 47988 77334 77801 5922 84600 1511 60073 77041
9632 10
13385 55902 89613 37843 78834 70053 12344 98090 22078 47800
9024 20
90452 72008 15639 50535 27245 24050 22781 61355 85089 14060 15396 14797 95809 42217 59965 24621 1761 73992 19998 98554
9 19
38475 11431 13083 33912 24555 61022 35507 42699 98081 45043 24320 25834 17310 27867 5506 11494 36357 52647 656
6970 13
80097 66217 25398 28788 26235 60367 78172 82184 52847 60661 81361 89595 80486
8534 20
52782 37425 39851 65396 70280 59641 80845 97901 75475 24791 91524 3846 23700 5254 76845 64844 1909 12263 25020 61270
5437 20
21181 6860 79097 25020 99552 41535 37171 46338 57394 72361 80185 3088 1657 38127 60713 72054 354 36695 64007 33848
7882 18
91673 10438 49987 87782 7565 84646 86155 21351 12428 55070 45686 80314 33861 78260 12199 82122 74057 33453
1262 20
62274 59705 44802 59229 71630 26421 89139 13762 91654 30890 13761 96918 77442 43787 58009 98607 56992 40032 82340 80739
5263 10
5902 98244 34194 50676 4851 32272 98310 49521 45131 57414
822 17
32701 19752 19494 1245 90963 71658 46999 82677 26228 9876 59784 89306 38349 17819 3257 96122 89877
8860 10
84401 37098 11061 21027 52135 1616 33554 42032 27534 61373
3269 10
72905 23765 70926 29870 52504 44876 41397 69776 27708 25320
3815 13
5193 49036 66255 52677 66161 279 13638 12602 60993 2562 39825 83523 77545
2782 13
10017 83509 43739 28599 17911 42861 8761 34266 18171 91336 11501 2947 17792
3355 19
37740 73296 53926 25669 85475 68662 63425 37898 35845 77014 19749 55169 37483 94927 14550 22178 52718 10586 88118
1044 20
27152 73136 38119 36932 78251 29002 19015 54912 62178 31811 48041 58781 20919 95553 24662 80395 1799 87691 74244 39506
8695 16
70882 98219 99669 13717 23806 37295 4532 59973 92056 33639 18366 91683 165 21703 95315 72293
989 19
4080 52988 77181 8997 80806 51752 96716 71380 88713 45838 65393 90385 7135 79395 3581 32877 38722 51485 71319
76 15
52014 19748 2597 97066 43075 99881 45217 53098 42955 7397 54813 79562 6495 20883 94552
9631 10
79354 52612 14383 20927 12029 52957 16176 87655 85745 47900
8064 14
92325 53038 60864 5007 42915 81495 85080 61596 21049 67699 75769 63052 70841 79976
7492 15
77765 86273 35375 56899 9061 65765 40826 93499 95233 41601 401 74994 20637 78110 23530
9211 11
36043 13469 73296 65197 54977 46885 42859 1251 47307 15885 20438
125 10
78510 76461 37367 82967 54832 93822 38214 28513 54386 50132
483 20
54957 80158 37704 29961 59124 18840 7136 40091 51773 56358 93386 24685 9689 59994 40916 46500 18337 76297 74345 41869
5621 17
2286 33318 34480 77305 1475 5647 74531 41696 17575 28313 75567 75694 42404 95085 17971 69649 38822
5959 16
8044 90695 77017 71889 97339 95331 27664 12217 3242 18127 91727 48510 41226 51145 25390 11618
3931 14
58092 7448 45419 45963 98195 47263 81376 94943 79211 46570 96465 45777 49448 51466
2810 20
82818 20399 57419 57452 77681 68616 53455 36736 5420 89108 80156 12791 79103 21451 71675 3232 63503 25561 57980 63258
6662 11
27393 4420 10060 49186 16713 18620 99041 56471 36018 66424 43547
8442 20
26042 50070 2908 42814 2451 53669 62079 72856 3057 57605 16202 78121 45825 17900 34476 55460 26313 72740 705 2822
8619 19
81958 70232 56855 78531 77356 91426 88798 78600 29967 76135 82111 77458 28355 37089 57068 71402 33518 51720 6338
2584 14
89617 56389 13328 87242 99042 41074 94813 8073 80126 96961 91924 40694 45485 48163
5948 19
19274 45177 36303 456 35985 57990 82163 62572 3846 80055 72109 60871 81155 15259 28225 53815 91886 18981 9431
9132 13
28552 58465 29298 52171 70949 92582 20639 36460 2077 14881 63287 83448 45973
1678 16
11989 16510 34351 98095 88125 83015 89528 80122 24116 6516 64322 41858 82712 69006 79875 25353
5740 14
80726 22060 41142 83588 38329 258 57246 31028 51364 91849 24541 86734 74964 66916
1292 18
33601 76712 1041 6770 96480 28062 93834 77844 25686 19756 98551 96439 14190 46997 8249 43211 52473 83172
169 10
94827 78037 70045 40484 59860 42999 9363 30433 31032 27524
7026 15
29838 9252 26205 17147 61914 39340 58050 33992 38423 56740 42684 94245 55434 27094 10732
436 16
48836 2601 93915 7451 49199 57313 56952 69983 18357 54250 17473 3230 87113 12827 22431 41936
4182 14
77880 30966 95975 4931 36466 99140 75429 99355 74652 91350 87982 11424 91584 62114
4530 13
80255 73924 13606 517 16357 85538 19115 52991 2223 28722 10945 16998 71113
9822 18
41033 56212 722 58838 56541 58466 45612 86060 79625 95196 74013 32108 24856 68856 63728 859 38787 35086
3306 14
68949 15696 95541 48325 24744 35873 67149 7805 15008 52494 30541 20627 37052 22363
6645 13
83024 21760 58435 2129 72636 19539 34322 26311 61334 19312 47874 90244 98043
1269 20
72660 98128 84541 75870 97815 22770 862 87213 52970 57753 3243 56086 31588 54866 71005 35394 53633 79716 65750 20863
3994 12
66738 45774 704 73019 50000 8538 97164 94684 33637 88702 9526 72058
3359 13
32343 23714 48312 84912 43591 39468 59234 35894 49280 52557 98462 68537 60370
7900 17
24770 49796 69806 13504 83777 57239 65872 58566 11397 95173 88463 16414 12614 22382 21933 43021 11152
795 19
29786 69535 40236 41179 87278 98043 19888 64993 34924 80850 71043 33146 33259 66491 30330 21874 33542 56326 31799
2395 20
59268 31531 92716 66884 20578 8393 23886 51679 18316 54999 23743 25879 1563 8286 68514 42303 1773 34603 23847 22544
7472 16
71948 20557 85818 62546 8967 9144 21969 38500 58615 9510 94298 23306 95871 88442 59043 35534
1364 12
16673 89318 8958 14574 2104 37435 71418 20996 1131 90225 83417 65305
4245 14
84319 47202 81597 89969 77152 85832 6047 82222 79917 44499 84003 98908 20310 85481
9811 20
71241 97186 93551 19050 86126 59556 19259 83098 50049 88865 97539 67725 81063 75804 82215 46361 25200 66236 35951 558
1769 16
74195 72815 92682 38946 13152 47540 79368 43926 22827 892 8471 31629 385 40913 467 47240
6358 12
68432 51104 96170 20994 65917 6969 29405 18918 81370 9025 13430 90844
5395 19
8270 35813 13411 50754 12389 3792 43949 19879 92427 31362 96130 90510 842 62194 75505 82040 53954 76387 98221
5310 16
23224 5101 24075 96349 82723 14292 77694 9885 39433 98527 33768 52786 15259 33772 1573 62625
2048 16
64388 43425 70160 28497 89950 86222 25795 9573 12702 30774 66598 49854 74088 82197 34945 87105
