195
2376 13
42899 49492 37443 15707 23742 10170 91467 93898 52992 54962 75624 1632 5633
6937 19
47247 6552 36164 20272 60107 44769 97743 90470 96138 26012 62652 62072 2814 33859 15426 64550 63659 89923 80846
9286 18
26395 61292 4490 66849 91755 43336 12145 99937 86477 87900 44411 50225 27276 78822 33249 26962 11219 4073
3340 14
1489 7453 23964 31484 96673 54815 8177 46621 45755 89643 76201 66710 64382 37866
5483 12
31651 85428 19870 56583 64670 79057 6052 71115 90682 58692 48618 61410
5183 16
77213 15272 98307 16578 58191 87588 30363 45499 12674 96415 40603 15475 67503 1046 4666 34946
5222 15
87267 68892 59049 41400 17264 9465 24693 4876 76267 10641 54397 59752 48701 97060 26173
1470 16
14903 23366 76277 25241 55394 95132 65082 58597 88669 80351 40701 11762 91232 42391 50506 12250
7571 12
81760 84042 86307 50211 35514 47873 32320 98311 92146 20278 77627 14527
6559 15
79134 54466 32993 69005 63406 85010 42056 20328 77860 99683 16951 43420 60536 59253 79197
4963 10
47826 39937 99191 21883 13355 36289 28802 32355 67334 31380
8633 18
65450 6963 24477 31777 71976 45900 46131 98111 38962 9625 46064 66129 67844 44818 39974 53911 8506 24125
3568 13
99956 66803 31134 3120 37582 40438 57089 9324 38169 20511 38570 1417 34112
4297 16
8519 19612 5924 85081 25838 35826 55765 596 7838 75660 41818 28652 71757 10514 50128 81533
4032 16
52001 66853 42375 20194 68112 75291 7520 96724 35908 62227 40324 32155 59059 51048 92981 14852
3883 14
24416 33589 45299 73083 51928 48709 42944 44369 60726 73176 52270 22713 81808 97903
6829 18
34523 52615 60881 27337 11981 29348 60934 9010 25090 11544 68828 74908 50086 6498 83846 45522 69860 2609
6355 11
84084 44783 10185 70258 65387 56480 97645 50907 41965 20133 94618
3324 13
63905 77126 98469 63487 49851 6316 23321 16067 27589 56075 65658 80630 29258
6732 20
73562 13724 8321 11427 54041 64978 6926 93576 5703 42076 15518 29216 28875 68300 41210 51248 18926 63448 20435 1786
2074 17
51412 44979 99422 65019 93740 22159 9542 26233 34582 69436 11830 72944 96591 97607 9539 59350 98036
1549 11
5245 36648 25013 61854 98461 47431 39536 52239 78457 92602 52007
8283 12
93624 96375 84177 91275 52552 75797 93762 77395 75951 13885 69572 94482
3216 11
14944 81216 66583 74598 70762 20333 9436 72361 79179 74588 21563
4431 20
63847 17664 28784 55114 57498 14772 7277 45797 55444 91132 41337 74076 27275 5799 79125 41381 60032 86464 18859 38796
6309 13
87322 38955 63596 86093 21737 96428 14653 45999 93976 80460 26640 95180 75658
6934 11
31381 71508 61838 86885 37761 53983 48481 32950 16373 74367 24894
1656 11
1053 65224 23470 61273 86226 19251 24609 97291 35245 93771 72509
8176 13
899 91599 9621 57667 42862 14628 16355 14198 18106 16290 40020 86706 44656
3301 18
89106 71697 4023 40547 96993 70229 38908 87044 31788 19561 16442 35755 17449 4947 8738 19556 2972 92476
7046 10
20076 78957 86474 59209 97324 12637 9189 78128 3432 90356
1459 11
51146 78474 935 22510 43644 1646 27701 37665 31858 45499 70489
1403 10
10231 42019 40767 74162 80403 59518 58077 60650 94238 68456
5250 13
71929 62578 36612 77412 86246 3481 87580 16310 95426 53617 87670 29546 31086
6299 12
5192 70426 34082 27430 11206 92565 19280 756 26663 26214 88770 37835
9298 10
69121 73334 34485 70235 33256 58005 62084 39454 54793 69516
443 17
3727 21264 42772 37035 95877 10909 33594 64990 76426 37258 95909 87797 41537 85483 5945 86652 33760
8673 15
85016 49139 5764 26241 55022 66372 36169 30594 42713 19193 49726 2635 55372 65759 41820
4724 10
30970 93002 61668 89948 10120 88888 27207 45997 70830 84899
2898 10
31889 40590 18833 73496 69486 15175 27128 8979 4151 3733
311 16
16057 90667 77658 14278 23380 294 81915 61621 9234 51679 37806 25499 99037 12715 62846 98158
1970 11
13325 17137 60864 60718 71777 35806 22341 30317 49785 80411 92429
1207 15
39224 80714 48526 76575 29096 46375 54540 97222 49805 74174 57280 80465 79181 70794 38583
9218 11
24201 70639 23172 8590 89612 27311 50339 68963 41448 71906 35538
6866 10
91368 98480 25496 5166 8553 64764 65174 9448 30622 4819
4730 18
76991 49594 31199 68770 87813 33724 22078 9219 76599 58981 40011 66066 60544 70758 70749 67578 60736 10529
1131 12
84936 46634 76179 63375 84751 10202 90313 29938 59249 27654 77825 48814
8079 14
12234 7197 82065 21614 61137 78175 41092 81894 88329 8205 40346 42415 18718 78690
7584 13
40246 71995 18981 72986 21488 23420 51486 62506 17949 86386 64265 99672 92705
1555 16
84057 11313 83990 21476 6024 4985 22605 59340 35507 6096 10250 93744 16113 54372 13741 57008
8404 10
37115 58196 82120 96954 13368 38866 36801 91728 13529 44882
2386 13
82456 59997 74830 71459 99353 29437 68008 75808 17124 79983 75001 35659 3100
9146 10
41164 39507 16783 3122 89996 85927 67219 98259 72429 22583
3156 11
17659 20300 68184 70022 41816 5883 48445 18056 43827 44433 94725
5133 16
99482 93696 64838 26207 17263 20136 6293 48956 11041 10317 92591 39849 28588 58590 38288 14061
3418 15
8222 37794 19757 67750 28143 4314 92780 96870 78891 39322 98243 21134 48325 12207 65342
8252 15
7933 15644 66036 24053 29847 62528 1999 37139 3773 95482 75849 23250 43887 48007 82089
3556 13
63910 94722 73588 92042 3563 50333 65954 48648 21007 23675 8144 52999 47632
4 12
88055 84490 39112 16808 75782 24927 14116 89089 3437 50423 7521 7431
1568 11
4870 28304 11564 53185 88676 97471 97741 88410 34664 42221 59420
201 14
37292 43702 10122 9003 59402 36432 55418 97865 22782 71461 41939 45238 16015 71506
5287 16
25386 25182 74984 28737 70320 78017 8987 3028 10141 27536 45300 7137 85930 80276 3206 6389
4747 13
66118 99026 67265 83455 62706 90051 85373 73658 38173 18335 37252 77851 39334
1491 10
64376 26376 32804 36866 52258 89224 72736 46948 40304 40610
9413 12
9212 77804 78612 43304 70530 49797 87152 56866 77867 21171 37757 127
9139 14
71303 6884 42268 58246 84966 95334 72003 92274 64792 9723 33621 14898 93889 87919
8750 15
87766 31847 58401 62683 92134 56668 74777 7264 9468 44610 22364 32270 34853 49185 38092
5434 14
11018 88996 90886 27595 42230 76683 59957 303 24601 24010 11851 47199 79426 89994
3613 13
27244 55759 44158 37763 28634 4461 4368 19254 43355 31038 26915 77609 68941
5992 13
84303 56265 25656 48718 35818 33392 43879 13735 79453 63560 10937 96542 76410
7673 10
99132 41965 33619 79896 82362 63693 3346 94684 85973 50561
3444 11
69317 39250 17112 28590 44469 68979 98937 37457 80839 82303 58910
3788 19
54384 45294 5704 99265 26619 4613 94641 54710 20704 18810 67305 91594 98751 89924 89413 20309 79613 35027 94356
9738 11
5879 99559 77572 91283 90910 61396 65988 61321 67808 57908 49316
7052 13
83861 33603 69557 79572 58635 79005 84321 27824 64839 62402 40929 87600 69910
7101 12
40947 27529 51475 32767 91494 91892 39203 57753 69665 6310 64226 25994
1955 16
18445 33254 29199 12622 34815 83997 43861 59067 13105 47635 23107 82553 76191 85930 83672 63577
8651 16
29347 31493 39508 51171 25462 39193 97194 43346 89367 49212 49211 67789 50717 39478 11361 18893
8505 15
40259 10869 68405 75626 80284 70781 99498 63958 91543 64527 35399 4848 53693 86182 62215
171 13
33601 76712 1041 6770 96480 28062 93834 77844 25686 19756 98551 96439 14190
5999 14
75402 33623 96427 69509 10128 21000 41739 11566 50054 42056 89070 75664 70701 59137
4151 12
94044 16075 81026 2007 55596 90768 1414 4293 4371 13876 50777 21082
4166 13
2875 76300 30910 7037 87852 54322 32465 528 52657 855 30460 80654 69496
601 11
63440 89734 77085 41848 67317 26911 35850 71690 55818 5774 94757
5300 14
68007 31632 35042 48327 66943 38344 29553 79246 34016 95188 1720 68359 74157 66613
7990 11
85600 80523 73836 13950 77378 35875 9040 57971 10398 87856 31814
7772 12
74627 50607 39201 77984 84743 6211 15105 57253 17269 13011 28204 36483
9800 17
16573 83343 87909 62235 42314 23887 62670 4382 39110 97820 72219 27170 29173 29458 50977 84088 72334
8243 10
638 40459 57482 61019 3259 93152 78655 81504 63983 19476
8870 11
44939 92039 35629 50069 97506 18761 81469 93405 9805 12501 50887
369 18
9741 3212 42756 79272 68137 30841 6355 15393 78547 77410 26625 51246 32053 92968 9739 35058 13634 74289
6031 12
28934 25933 12241 93202 32328 89317 13299 28802 99007 83325 69625 55313
3921 10
60181 1420 74507 45079 43430 89556 76490 63852 54401 89729
1630 10
14764 44063 74771 30501 82512 84827 4576 20363 85785 36035
6779 10
81514 64426 32041 55496 17379 47812 23458 26920 47364 64219
3139 14
53065 10883 89733 72299 31626 37825 31857 38151 89178 71431 82019 39342 30075 42701
619 10
69605 63639 90525 32558 28694 73884 62088 19497 60621 75448
7005 17
31766 47204 62622 22817 77842 17223 68978 95367 57825 99895 43702 87675 42667 93059 38045 99761 86192
6459 19
75475 73898 50834 75329 98174 81837 41535 53526 31750 39579 81297 19844 62132 57409 85041 13996 89102 18836 61506
2096 15
68033 41407 31719 16507 92079 50863 85637 46189 64529 49534 90985 34037 46889 68181 29115
9575 12
60167 12528 156 6882 67740 96219 64191 54694 7161 56036 8687 89330
1785 16
2644 75745 67301 28923 65211 4612 26014 71438 13637 20710 23466 83641 35779 8805 89629 3713
6038 15
13630 5541 47571 59852 29502 8411 87232 13308 74830 42732 82626 55969 27151 22669 12651
1698 10
94993 42802 21794 22986 79537 76181 86634 42392 3676 63002
7384 16
68034 88240 62313 56319 31705 56831 87360 13395 72666 32486 12128 95648 81332 22345 24652 82847
5456 16
25761 37659 22032 87086 57034 23064 2724 36677 65290 6079 52154 26549 71499 59519 2203 82694
8174 15
21511 77403 89563 86736 28054 31207 609 70524 25361 61041 70808 13926 52739 17294 1372
5835 10
89745 78040 67862 93568 48697 30382 93577 73781 6703 24979
9956 12
38387 86895 84525 882 97509 26478 73679 51185 46911 83481 32066 34601
2985 17
84273 95068 60726 51017 81301 31850 85650 84959 34879 60130 94195 73927 18528 43834 61028 33431 25908
4293 14
14851 26784 44940 96517 39038 62345 55306 90629 56494 7037 8995 21361 23588 50667
3970 14
90280 80384 1978 2949 88203 74394 58686 32750 84154 81727 37441 55053 3427 55513
8856 14
51397 84352 92966 11056 9159 73870 24370 52675 93358 10002 22168 89133 11143 22229
2458 15
13855 29017 47298 53647 64735 44793 23528 88267 27462 16162 24514 48316 21568 24281 42765
1843 17
87532 36624 79895 37441 92956 20750 54642 15645 52837 45113 60475 55459 28056 43019 76691 6511 62212
9882 10
92736 11092 58055 21506 407 87633 67493 58916 95506 34929
9450 12
54552 4898 15265 87559 65268 37346 7204 26656 24297 56124 94101 26143
7259 12
72463 14752 40686 32807 40291 76191 70983 14943 76989 5724 28997 28376
9536 12
7833 80553 96470 43091 86746 47966 78845 9114 23190 96880 38237 95844
853 10
32916 12851 28523 91403 57405 29122 13958 78235 22336 83199
7468 12
13598 96293 82111 67830 33073 68262 26244 44624 37412 6968 71658 85876
4313 12
27686 53735 48231 99308 78749 85470 21468 45976 30755 11128 4332 59
9632 10
30482 30694 47147 31243 91243 56254 93968 11726 50180 80952
666 17
30881 67875 6572 57487 25193 14705 26993 36233 14885 9951 99567 92957 13783 74264 2834 71517 21912
9024 16
8309 37413 23986 35144 26190 80736 77364 81011 53122 41138 38005 88751 61420 75792 87804 1252
9 19
90178 64402 32264 35949 95375 91115 73654 38744 18888 23584 51373 15538 75171 31528 72742 21205 83380 83907 67053
6970 13
99291 46258 46138 6427 57776 14732 37088 56262 99953 79380 89421 22466 61585
8980 17
31898 66435 89104 89455 62517 10443 59705 93758 40741 51046 82184 94757 71553 19127 47794 33813 38563
8534 13
80071 84302 37898 17498 29668 57696 84520 86509 77373 33987 74239 88065 93623
5437 19
58359 63416 29133 62156 36537 10326 78972 49865 19419 70941 46209 40517 90727 94845 99313 39244 37541 75118 84137
6132 11
24486 78304 70814 72999 26482 51697 31537 49399 91995 7367 3129
7995 17
7514 47295 72285 28990 19974 74621 76518 78404 30852 96627 55364 5768 25285 38128 77993 95027 64041
6464 16
73743 58880 37271 70117 7568 73781 7421 84763 19163 42483 71231 42093 8972 88610 66338 51166
7882 18
26343 70924 13054 52830 31968 19528 59705 54913 28478 20779 16120 96887 14164 75740 9650 35166 41924 74373
5299 11
26872 98286 55542 79448 86125 50784 60588 24657 93645 30447 54506
9207 11
66648 92322 52375 55619 20404 81410 71464 26043 31623 9954 99601
1262 19
93039 89874 76659 59548 89597 99440 81930 28974 91993 52936 97293 37217 12010 60418 63823 21917 91379 4865 15082
5263 10
41725 32725 27573 73291 63602 83457 78398 34601 64389 15260
822 13
99608 8699 44944 80095 13934 77812 70989 22919 922 77822 9044 83102 36123
5147 15
3587 25915 11510 62803 4505 72544 53547 7494 76297 35705 44093 88450 22453 72695 98183
965 15
34815 94083 92841 64067 48933 8982 25266 60949 59425 66258 2703 96799 35736 11146 77830
8860 10
22107 65666 20279 33211 84585 86828 8608 7541 17304 41353
3269 10
74819 4228 10512 90162 87766 91649 9269 26409 97599 76348
3815 13
61699 77528 63161 92909 7154 23933 77166 32339 4154 46374 51966 46480 17945
5850 19
90104 27306 89722 84580 61219 59268 83442 93765 47391 77873 31379 37964 92879 74062 29926 10978 17739 59326 59172
2782 11
7826 13815 64784 82323 81573 18103 8202 35129 20879 39935 49505
832 19
75680 53142 86392 3870 76482 12923 85275 29059 26078 54441 1489 98497 17213 4567 44419 42719 29746 89198 4118
3355 14
66233 16639 28338 74434 53909 2186 28985 5956 3972 39247 67063 17052 82099 85455
1044 14
32697 14907 35191 47616 60239 36160 60633 60159 46398 72992 94797 2081 51997 46663
8695 16
81040 68652 16115 88096 90469 49874 59758 56484 15204 65975 27877 79720 86649 94710 41061 45625
6717 15
28162 14982 68371 33661 41992 36096 18904 83653 2492 62589 52310 32544 87993 18367 95454
989 10
49599 80545 20534 57504 24957 80725 77558 34191 37938 52770
76 15
67143 71229 19617 1634 46769 81635 99304 95928 91509 21821 54818 77142 42055 66622 36898
9631 10
42284 16931 12160 44312 9033 83914 82475 77845 80957 52515
8064 11
96068 41236 52746 62486 84173 61941 42075 68566 89668 65211 76477
7492 15
3343 36600 46627 56726 5958 95147 37917 74579 94452 75856 80355 80328 55292 3106 6564
9211 11
51184 22757 4542 49402 1390 85039 99321 59839 78749 78020 98128
125 10
38475 11431 13083 33912 24555 61022 35507 42699 98081 45043
483 19
33160 32841 6826 76401 96505 72158 55175 85773 22428 23936 28793 35897 31983 13374 82157 64702 31641 60976 95567
5621 17
28194 12746 52140 32620 45934 78307 34928 94534 4633 27127 7845 3209 80098 19098 59919 60026 56717
5959 16
46878 73741 46385 55488 87472 77538 80143 43306 7456 35526 72923 82786 63552 38771 96085 32423
3931 10
61412 37479 94255 51555 28675 79350 934 93226 91009 71748
2810 14
20616 97101 45996 19048 87619 89705 22565 88796 96518 6405 51528 31727 19061 36956
6662 11
22401 11990 65002 63706 67410 53378 77505 33638 44556 46197 59662
8442 16
21380 85364 3051 4402 84745 94676 81760 6592 94525 60925 57194 24532 33149 56021 27227 44710
8619 19
38054 22350 63017 13613 41380 32981 75489 36119 15338 75063 79332 74371 84382 98662 31004 30076 13798 15139 38880
2584 14
58261 26296 12255 16831 65610 96394 64662 92996 26763 25590 32934 66643 21542 87498
5948 13
21026 37934 73319 84791 57115 33742 28857 50950 62993 42117 80915 94212 4378
9132 13
22186 16434 99301 75591 56998 52541 3276 86032 57931 59590 54837 1267 51747
1678 13
32136 8723 6096 4577 68073 77902 81415 77147 64248 25878 22522 90171 88823
5740 14
33271 20081 60241 25400 72032 97658 2704 5259 58634 76978 28223 66368 87176 13430
1292 16
25891 56562 84263 29470 62702 54394 5504 87445 33342 54836 87426 96964 22361 23058 54443 23069
169 10
11989 16510 34351 98095 88125 83015 89528 80122 24116 6516
7026 15
89158 36760 20501 6916 71221 33196 33688 47326 75105 34018 28224 21756 23830 7860 45019
436 16
30423 65951 11589 96497 80284 78386 20540 15140 58907 86715 41981 94503 73634 57743 6930 48725
4182 14
75049 88997 24070 61641 19666 31534 46555 90084 63342 44200 63608 46492 94344 80157
4530 13
63425 75613 45342 7712 29429 16339 59736 35237 14970 649 20367 58385 467
9822 16
77581 99677 33601 78886 99995 17524 15665 64185 6489 73474 80800 23017 63649 46839 6557 49397
3306 14
83493 37210 33651 16998 78504 89523 46355 91251 49472 59778 78551 41945 79610 74779
6645 11
55235 80150 82989 68788 5018 73926 6841 67775 22571 11090 98520
1269 13
43551 83339 65460 16327 42034 31493 83487 7718 65737 84144 21019 88351 69219
3994 12
62438 61624 55415 91208 62151 33450 89216 82658 34932 43095 98755 90886
3359 13
29653 42643 88827 98757 21187 85157 4629 10427 35819 67275 121 60622 83642
7900 15
19580 9484 1548 45436 86698 95984 14669 93517 45093 65968 14390 16426 80151 4690 96564
795 12
70695 70711 75551 4092 12957 89344 81509 13856 62514 47534 18318 61631
2395 10
48699 78730 84645 65485 22713 37167 32028 56459 55498 29566
7472 16
37275 27867 69312 42342 83088 84968 75927 74803 44856 93279 24808 67165 6989 12214 20503 31935
1364 12
95115 83629 7442 46785 31631 36175 67215 53457 50191 35016 16602 13278
4245 12
1261 13249 95230 49757 51737 62112 30999 58098 30077 47418 13323 27749
9811 13
5000 2426 52275 88952 53909 77195 66162 72607 46074 98635 66540 46964 92579
1769 16
87017 89148 47207 77756 41913 12071 39873 33024 29957 7619 88216 36196 59229 78261 85843 21137
6358 12
31301 8841 31332 24699 25838 57792 28890 24049 76175 61447 34072 59815
5395 14
29861 83636 25769 14443 2381 30319 55325 84003 83314 14431 88841 64446 91867 46964
5310 16
15813 83429 83030 18854 22487 53672 38852 76641 6534 96402 39682 31827 63451 606 49946 31916
2048 15
17338 37639 84690 77279 94491 33546 57514 53634 88053 38420 87487 80104 4696 16870 23749
